64
2.0 1.2
1.9960033322224207 1.2798667333174625
1.9840532622729934 1.358935464636049
1.9642691913004848 1.4364161653290717
1.9368487952023081 1.5115346738469204
1.9020660495122983 1.5835404308833625
1.8602684919277426 1.6517139787160284
1.8118737498275908 1.715374149790153
1.7573653674777323 1.7738848727196181
1.6972879746165315 1.8266615277019866
1.6322418446945117 1.8731767878463172
1.5628768971404619 1.9129658880491482
1.4898862035813387 1.9456312687737811
1.41399906289967 1.9708465483337543
1.3359737143201926 1.9883597839907683
1.2565897613341623 1.9979959892832435
1.1766403821589688 1.999658882433204
1.09692440456358 1.9933318483619749
1.0182383242455302 1.979078104702556
0.9413683465091971 1.9570400701499315
0.867082530762286 1.9274379414605454
0.7961231163201139 1.890567493319099
0.7291991061957233 1.8467971230556721
0.6669791829761403 1.7965641697413761
0.6100850275670033 1.7403705444409203
0.559085107562453 1.678777715283165
0.5144889973048421 1.6124010974571714
0.47674228638635097 1.541903904187064
0.4462221274650733 1.4679905201247236
0.42323346788032734 1.3913994633711855
0.4080060027196436 1.3128960064478936
0.4006918797813763 1.2332645299466323
0.40136417936419744 1.153300685257936
0.41001618407290796 1.073803444685401
0.4265614459364312 0.9955671183785346
0.4508346501673628 0.9193734178483041
0.48259326693268234 0.845983645364118
0.5215199746316734 0.7761310872732052
0.5672258304684668 0.7105136872458245
0.619254156639888 0.6497870726528207
0.6770851033091104 0.5945580037536573
0.7401408427733851 0.5453783111484712
0.8077913429274404 0.5027393820691294
0.8793606623360195 0.46706725060043597
0.9541337040172645 0.438718340888387
1.0313633604553762 0.4179759058679223
1.1102779784519567 0.40504719709322834
1.1900890692296875 0.4000613939487192
1.2699991867515579 0.4030683129313275
1.3492098955380605 0.4140379099005339
1.426929748370581 0.43286058026948915
1.5023821941703848 0.4593482541378142
1.5748133370403017 0.4932362754238774
1.6434994689433293 0.5341860462208793
1.7077543007541078 0.5817884099552102
1.7669358194330078 0.6355677395436864
1.8204527028082 0.6949866897021433
1.8677702278713277 0.7594515659218899
1.9084156135530554 0.8283182564689946
1.9419827445952287 0.9008986681358111
1.9681362293202929 0.9764676014408593
1.9866147507540677 1.054269996582324
1.997233677618574 1.1335284777460028
1.9998869091067322 1.2134511203874805
