100
0.0 0.05
0.04 0.05179946006479581
0.08 0.05719136414613375
0.12 0.06615630721187855
0.16 0.07866202514797045
0.2 0.09466351087439402
0.24 0.1141031763220652
0.28 0.13691105968769174
0.32 0.16300507722071583
0.36 0.19229131863617582
0.4 0.22466438509032177
0.44 0.2600077685026349
0.48 0.29819427085910494
0.52 0.3390864619877227
0.56 0.382537174158692
0.6 0.4283900317293355
0.64 0.4764800139275433
0.68 0.5266340487483505
0.72 0.57867163582626
0.76 0.6324054960416421
0.8 0.6876422455233266
0.84 0.7441830916217107
0.88 0.8018245483476272
0.92 0.8603591687021658
0.96 0.9195762912618545
1.0 0.9792627983322971
1.04 1.0392038829417325
1.08 1.0991838219141705
1.12 1.1589867522398714
1.16 1.218397447949077
1.2 1.2772020946930869
1.24 1.3351890592450206
1.28 1.3921496511508982
1.32 1.447878873789916
1.36 1.502176162140912
1.4000000000000001 1.5548461045998576
1.44 1.6056991462506127
1.48 1.6545522710579295
1.52 1.7012296605275459
1.56 1.745563326462902
1.6 1.7873937155412458
1.6400000000000001 1.826570283533293
1.68 1.86295203709989
1.72 1.8964080412157756
1.76 1.9268178903942814
1.8 1.9540721420170613
1.84 1.978072710209333
1.8800000000000001 1.998733218843107
1.92 2.015979312397975
1.96 2.029748923560684
1.96 1.9797489235606842
1.92 1.9659793123979747
1.8800000000000001 1.948733218843107
1.84 1.928072710209333
1.8 1.9040721420170612
1.76 1.8768178903942814
1.72 1.8464080412157755
1.68 1.81295203709989
1.6400000000000001 1.776570283533293
1.6 1.7373937155412458
1.56 1.695563326462902
1.52 1.6512296605275458
1.48 1.6045522710579294
1.44 1.5556991462506127
1.4000000000000001 1.5048461045998576
1.36 1.452176162140912
1.32 1.397878873789916
1.28 1.3421496511508981
1.24 1.2851890592450206
1.2 1.2272020946930868
1.16 1.1683974479490769
1.12 1.1089867522398713
1.08 1.0491838219141705
1.04 0.9892038829417326
1.0 0.9292627983322971
0.96 0.8695762912618544
0.92 0.8103591687021657
0.88 0.7518245483476271
0.84 0.6941830916217107
0.8 0.6376422455233266
0.76 0.582405496041642
0.72 0.52867163582626
0.68 0.47663404874835047
0.64 0.4264800139275433
0.6 0.3783900317293355
0.56 0.332537174158692
0.52 0.2890864619877227
0.48 0.24819427085910495
0.44 0.21000776850263492
0.4 0.17466438509032178
0.36 0.14229131863617583
0.32 0.11300507722071584
0.28 0.08691105968769175
0.24 0.06410317632206519
0.2 0.04466351087439402
0.16 0.02866202514797045
0.12 0.01615630721187855
0.08 0.00719136414613375
0.04 0.0017994600647958103
0.0 0.0
